chain 18173227120 chr1 195471971 + 3000000 195371971 chr1 195154279 + 3069991 195054279 1
3121	0	232
2894492	4	0
36744	0	5
3122849	0	1
1738079	1	0
11629577	100	126
3059	0	2
5	1	0
5233	33245	2076
102	1	0
17114920	0	86
9	4	1
6	0	5
15	1	0
72373	8	0
7546164	1	0
27855442	66000	3485
585980	2	0
13447	0	1
5056	6	0
2866072	1	0
18	2	0
2261	2	0
7536	3	0
746	0	2
2074	0	1
2182	180	537
872	0	1675
150	948	856
16	1	0
165	1	0
853	1	0
17	637	82
3094	283	63
29	0	1
2350	78	0
2514474	2	0
925722	0	6
39178	0	1
2043	1	0
3299064	50000	0
492181	0	1
8099260	0	1
62	0	1
44	0	1
11792637	0	1
685	0	1
6943	1	0
7152	0	2
14454	1	0
801	0	1
33	0	1
3358	0	1
14476286	1	0
3560086	1	0
431	1	0
30834	2	0
6966	0	12
7339613	0	1
12120355	52000	0
4946351	0	1
3816	1	0
13642	0	1
11062	0	1
155	0	1
8816	0	1
998212	0	6
41265	0	1
10787	0	1
43811	0	1
3527290	5	0
3062239	50000	1824
5101642	0	1
163428	3	0
11217	0	1
9820823	0	1
8998	6	9
4251	0	1
4038	1	0
34029	5	0
522603	1	0
1509337	1	0
4927377	1	0
4699502	5	2
8	1	0
7	1	0
249	0	21
786	0	191
5870	100	67
39	1	0
1829	175	100
3147	1	0
3454	46431	490
3291	309	6
339	1	0
4573	1	0
24	1	0
14	2	0
10502	100	65
531	0	6
5343	117	297
233008	100	80
2765	608	0
67	1	0
20592	100	20
11867	1	0
2539	100	695
1311	1	0
16	1	0
5059	448	422
2729	0	22
11204	0	1
23	547	447
7186	3	0
13086	0	2
1245	13	10
16782	2	0
4127	1	0
92	198	18
744	3	0
5009	0	28
1802	1220	857
5964	100	213
4518	1	0
2605	23	0
8782	0	1
17056	0	5
6934	0	1
51	50039	1323
7587	2	0
7962083	84	0
31478	1	0
452071	124	38
3402	1	0
321	1	0
1009	108	44
171	6	7
39377	50019	2410
2263	100	163
5421	142	27
77971	1	0
18	1	0
20	1	0
14853	0	1
49	332	283
1225	4	0
8	1	0
1793	1	0
669	7164	5502
1677	1	0
8316	1	0
10282	921	650
3186960

chain 124768 chr1 195471971 + 143449970 143451291 chr1 195154279 + 143323515 143324836 6526321
1321

chain 42193 chr1 195471971 + 183299134 183299594 chrUn_MU069435v1 31129 - 6075 6534 13646614
305	5	4
150

chain 9641 chr1 195471971 + 143399387 143399873 chr17 95294699 + 42082908 42083394 4354442
486

chain 1388 chr1 195471971 + 143399291 143399387 chr14 125139656 - 69586019 69586115 6222942
96

chain 12035653941 chr10 130694993 + 3100000 130594993 chr10 130530862 + 3050000 130430862 9
4401876	74898	1254
3304	100	44
3543	1	0
38	100	113
156	1	0
913	612	65
1244269	20	0
6229244	0	4
4743266	11	11
455	1	0
91	1	0
982014	3	0
90482	0	1
62	1	0
27	0	156
2238876	1	0
3245682	0	1
892	1	0
1259	8	0
861	0	105
2752	0	1
17196947	1	0
96	0	1
1120484	0	1
20224	0	57
6611	0	42
13111902	182	287
21449	107	50
3841	287	163
14847	343066	302868
2083269	50	50
1735	40	0
1063	2	0
5639	1	0
7073352	101	14
8004	0	1
13	0	1
34	0	1
25	0	1
10	0	1
21	100	62
6930	0	1
415	3	0
581	165	38
1543	0	1
29	0	1
38	151	503
1273	830	71
911	1	0
3068	0	212
10915	0	150
7349	100	364
499	28	21
296	1	0
1434	700	393
6745	104	0
5720	533	99
785	1	0
1033	118	66
723	100	243
8216	1	0
6	1	0
122	0	28
825	100	158
4348	1	0
1671	1	0
2352	1	0
267	1	0
17	1	0
75	1	0
51	1	0
980	154	840
737	1	0
4272	101	114
1827	1	0
16281	11	80
4900162	0	2
2849927	0	2
7973746	0	30
3901078	2	0
13738187	1	0
10696019	0	44
2029	0	2
122	2	0
13625531	37	1
5433280

chain 11272627901 chr11 122082543 + 3100000 121982543 chr11 121973369 + 3050000 121873369 12
4657313	12145	12145
26772443	1	0
939	1	0
599	100	29
104	2	1
1475	136552	77453
19088494	1	0
68212374

chain 1137715 chr11 122082543 + 7757313 7769458 chr11 121973369 - 114253911 114266056 6367
12145

chain 11078578505 chr12 120129022 + 3000000 120029022 chr12 120092757 + 3050000 119992757 14
2873400	0	1
18453	1	0
5116501	0	1
13473122	6	0
9926	0	4
17075790	6600	3384
12597726	0	3
460474	1	0
73982	0	9
994	10	0
651	3	0
554	1	0
3535	4	0
4127	0	4
2107	2	0
19174	0	4
4932	0	4
848	1	0
2484782	0	1
6259796	0	2
62703	15	0
14195	0	1
23830693	4	0
280830	80000	0
2195823	1	0
23636	1	0
8744	0	2
5567	6	0
30771	1	0
22696	0	1
18835	0	10
7264935	1	0
12230	0	2
64861	529	1
36723	0	12
11252703	4	0
66249	1	0
2039	54	0
7051	274	0
760159	1	0
4472	42	0
14749	1	0
5	2	0
47	0	555
2897	1	0
3225383	0	1
1938	258	0
1425	2557	0
4901595	0	115
2343812

chain 140105 chr12 120129022 + 112781119 112782957 chr12 120092757 + 112745742 112747060 7209437
326	520	0
992

chain 31787 chr12 120129022 + 112781455 112781965 chr12 120092757 + 112744004 112744514 7388668
510

chain 20775 chr12 120129022 + 112782995 112783592 chr12 120092757 + 112746585 112747182 8079446
29	102	102
466

chain 10460 chr12 120129022 + 97404158 97404269 chr5 151758149 + 55796027 55796138 19699530
111

chain 10038 chr12 120129022 + 108769489 108769596 chr7 144995196 - 38757938 38758045 19864843
107

chain 6262 chr12 120129022 + 112783024 112783126 chr12 120092757 + 112747652 112747754 7715516
102

chain 6192 chr12 120129022 + 112779568 112779633 chr12 120092757 + 112746261 112746326 8089575
65

chain 3622 chr12 120129022 + 112782957 112782995 chr12 120092757 + 112747066 112747104 11941852
38

chain 3403 chr12 120129022 + 112779412 112779568 chr12 120092757 + 112743513 112743669 13388122
156

chain 2722 chr12 120129022 + 112781058 112781119 chr12 120092757 + 112743605 112743666 6855612
61

chain 11095850897 chr13 120421639 + 3000000 120321639 chr13 120883175 + 3050000 120783175 13
1104549	1	0
2141369	0	1
3376	0	8
221	0	16
8124	0	12
4785188	38248	3099
16	1	0
1250772	2	1
26	1	0
36	1	0
36	2	0
266799	0	8
274028	0	159696
5625715	0	9585
5048798	0	4
31110	191	0
12928471	1	0
17	10	7
928	1	0
9	1	0
4	1	0
11	1	0
2737	1	0
6217	0	1
8258	1	0
523893	0	2
2667895	30500	0
10108335	0	560
4053724	24	0
9506	0	2
11346	0	5
420015	7000	794
3445849	0	1
8478566	0	84
44050	157	318
106924	0	2
38323	0	3
882287	0	6
1172	17	24
47	0	42
24633232	2	0
2027	301	70
5556	145	94
1574	22300	10973
15062376	8	0
579719	5	0
4	0	1
67	0	43
17827	4	0
209522	0	1
5	0	1
8	0	1
16	4	0
5499156	2	0
17707	0	4
6189029	0	325000
726134

chain 807 chr13 120421639 + 66326107 66326139 chr13 120883175 - 54762864 54762896 4157
32

chain 10090085864 chr14 124902244 + 3132201 124802244 chr14 125139656 + 14824000 125039656 15
4176	7	0
2736	1	0
217	0	1
1352	2	8
223	1	2
4175	8	0
1630	3	5
3752	0	25
324	8	0
543	1	0
4673	1	0
1044	1	0
1091	1	0
840	0	1
1124	1015	1460
992	1	0
130	2	1
1969	0	1
3250	68	42
80	0	2
598	3	21
1294	48	0
548	0	2
885	6229	0
187	0	1
906	1	0
2272	0	1
1775	0	4
140	1	0
1437	87	39
4232	1573	8111
2164	1	3
1425	0	22
2710	0	1
1444	0	227
552	10	0
191	0	10
1019	1	0
894	1	0
684	2	0
1293	9	0
854	1	0
497	0	1
498	102	0
30	0	12
1073	10	30
671	0	59
501	0	1
110	0	1
1465	2	0
2434	0	1
1414	2	0
18	44	0
46	0	4
487	0	6
2985	1	0
618	0	1
1925	0	1
160	1	0
1292	1	0
161	0	3
596	1	0
713	1	0
1042	1	0
15	0	1
760	0	1
301	1	0
703	122832	0
4961	2	0
885	0	1
50	2	0
1750	0	1
641	0	1
1264	0	1
498	0	1
621	0	1
970	4	0
851	1	0
725	0	2
58	0	50
45	0	8
599	0	6
185	0	1
466	4	0
93	0	1
54	0	1
1816	0	1
254	1	0
66	1	0
173	0	25
202	1	0
109	22	0
1672	0	2
201	13	6
467	0	1
1193	1	0
106	0	2
1156	0	2
403	0	1
403	4	0
634	3	0
782	1	0
250	1	25
55	0	1
538	1	0
914	0	1
1483	2151	0
304	0	1
906	0	786
1290	0	1
1872	0	6
591	38	0
1271	0	12
583	0	1
820	0	42
217	6	0
424	30	0
1225	0	3
883	28	0
195	4	0
414	2	0
322	1	0
1450	8	0
1568	50	0
562	1	2
1313	0	2
1339	0	22
415	0	4
124	0	1
615	159384	0
1185	2	1
1433	1	0
942	3	0
836	0	1
142	0	1
446	10	0
2020	4	0
694	5	0
29	1	0
3841	1	0
188	0	12
2336	2	0
317	58	0
938	0	123
151	8	0
338	1	0
201	1	0
400	0	1
391	1	0
123	0	2
240	1	0
703	2	0
374	4	6
1268	0	2
24	2	0
46	10	0
301	0	2
124	8	0
180	0	1
588	0	2
1939	0	2
289	1	0
518	42	0
57	1	0
130	0	1
1614	0	1
348	0	4
932	1	7
1101	0	1
714	1	0
1827	1	0
517	1	0
355	0	60
55	32	81
601	1	0
3645	1	2
846	6	0
541	0	1
1571	2	8
560	1	0
472	0	1
4926	79086	0
113	110	0
3847	16	0
320	0	15
1942	0	1
3575	1	0
1227	0	93
478	0	23
219	0	2
29	3	0
1823	157418	38
296	2	0
1412	2	0
1044	3	0
862	0	10
46	0	8
2607	0	25
198	2	0
172	10	0
271	2	0
604	30	498
421	4	0
5656	1	0
3525	0	4
122	2	13
265	0	12
1475	0	2
872	0	1
3214	12	0
2788	1	0
1029	3	0
2355	6	0
2147	0	1
2404	0	2
2111	1	0
199	0	1
114	2	0
588	1	2
908	3	2
1448	1	0
129	5	4
312	2	0
954	0	8
1199	0	1
382	104	0
73	2	1
1600	1	0
1968	0	1
2120	1	0
1355	0	1
14	0	2
219	0	19
707	0	13
855	1	0
2407	12	7
1511	5	13
272	71	109
200	0	2
644	8	1
297	0	1
3909	0	8
2722	1	0
384	1	0
1558	0	1
729	1	0
79	2	0
1305	2	0
509	0	2
561	3	0
115	0	285
568	0	1
100	2	0
2340	12	0
90	1	0
1127	584	0
1123	0	1
1262	1	0
32	0	1
941	1	0
2015	0	12
297	0	3
704	0	1
1986	16	0
236	0	1
1059	0	1
1515	2	0
137	1	0
419	0	1
941	0	2
578	3	0
550	1	0
321	0	22
592	0	1
78	249	32932
149	2	3
3467	0	1
118	5	0
829	1	0
227	0	1
1065	0	1
2258	0	6
220	0	2
86	0	14
958	0	16
72	82	0
377	3	0
160	0	1
685	5	0
233	1	0
107	4	0
130	206	501
1377	0	1
498	2	0
38	4	0
432	1	11
1076	12	6
1609	0	2
289	0	2
618	1	0
1746	1	0
26	0	1
312	1	0
2051	1	0
318	3	0
1427	3	0
356	0	1
18	0	1
1394	0	50
1619	1	0
529	0	3
2131	1	0
570	1	0
816	1	0
32	1	0
707	0	3
709	5	0
1418	0	1
29	1	0
82	2	0
952	1	0
337	5	0
172	0	3
415	1	0
269	4	0
1656	14	0
15	4	0
661	10	0
262	1	0
368	3	0
605	0	1
964	149	102
860	32	2
332	0	6
165	0	1
97	2	0
1307	1	0
2352	0	1
753	1	0
175	4	0
41	0	2
636	1	71156
1205	0	4
183	108	0
295	3	4
323	0	2
1123	0	2
1103	0	5
877	0	1
912	2	3
243	0	2
3296	0	24
90	7	0
1920	0	69132
968	0	4
1380	0	1
2289	0	1
605	0	1
145	1	0
1389	1	0
3232	0	1
1296	26	3
193	0	6
1336	416	0
53	1	0
96	0	1
218	2	0
196	1	0
37	2	0
3257	1	0
452	0	2
80	0	12
1046	16	0
62	12	0
475	12	0
1828	2	0
543	15	0
160	7	0
539	0	1
158	2	0
1067	1	0
640	4	0
445	58	0
749	2	0
215	203	0
1721	0	2
289	1	0
619	1	0
954	1	0
2033	1	0
387	1	0
4280	6	0
1355	1	0
2161	1	0
2158	1	0
30	1	0
103	0	1
113	2	0
4775	0	5
983	0	8
83	0	19
1550	76	54
1336	1	0
407	3	0
180	0	1
267	1	0
1520	0	25
324	0	14
1675	0	1
429	1	0
251	0	1
151	2	0
2710	0	1
387	0	12
662	1	0
1050	0	1
29	1	0
818	1	0
20	4	0
1098	1	2
983	1	0
44	2	0
4192	12	0
79	2	0
79	0	16
543	5	1
1345	0	34
549	0	1
752	85517	0
335	2	0
1645	0	3
4353	7	0
482	0	17
1957	0	1
649	0	1
1062	2	0
4309	8	0
1431	16	0
4928	2	0
3055	1	0
23	1	0
50	1	0
918	1	4
165	2	0
263	24	0
1011	0	28
46	1	0
42	2	0
97	1	0
150	4	0
136	0	1
112	0	9
992	1	0
236	2	0
2576	0	4
286	56	0
1319	1	0
973	1	0
401	6	0
296	0	1
2271	1	0
112	0	1
1611	0	1
767	0	1
1795	0	7
1738	1	22
2763	1	2
1483	0	1
576	0	1
511	1	0
305	16771	9902
520	1	0
386	26	0
278	48	0
1675	0	1
374	0	2
307	0	1
302	13305	7231
360	116	89
522	5	0
853	13470	146620
859	0	1
189	0	1
926	20	0
353	238	0
9	32	0
453	2	0
2983	0	1
1122	0	1
42	0	1
867	0	1
92	13	0
634	2	0
579	0	10
379	4	0
1193	1	0
369	9283	9343
437	0	2
77	0	1
248	3	5
675	1	0
672	6	3
430	1	0
1009	0	1
732	0	1
118	0	1
697	18729	17471
500	408	0
5	173	0
836	5	0
1454	0	2
1449	0	350
2118	0	12
177	1	0
1476	15	0
120	12	82
37	35	0
566	40	14
841	0	2
6482	1	0
1853	0	1
1909	28	0
4176	1	0
161	1	0
1426	0	10
2269	0	2
2453	0	5
210	0	8
298	0	9
1003	6	0
164	0	1
168	0	1
18	2	0
208	2	0
1922	1	0
343	0	6
254	4	0
67	0	20
943	202	108
1917	1	0
611	164487	0
1507	0	1
26	0	2
443	58	0
178	0	1
919	0	93
1115	0	1
2963	0	1
116	1	0
312	0	2
1292	1	0
760	1	0
45	0	1
669	1	0
1719	1	0
1092	0	4
4842	0	1
693	8	0
186	0	1
2241	0	1
338	22	0
1463	0	1
130	4	0
2471	4	0
133	6	0
605	0	4
2202	0	3
133	0	6
670	1	0
100	1	0
154	0	20
307	0	8
195	0	1
54	1	0
30	13	0
276	1	0
18	6	0
3448	0	1
677	1	0
4897	19415	0
1561	0	4
1768	0	2
223	1	0
429	0	2
112	1	0
375	14	0
1142	0	1
176	22	0
1526	5427	11391
2187	8	0
3824	0	7
2350	6	0
2135	0	1
2188	0	1
2326	0	2
315	0	2
586	1	2
643	0	4
267	1	0
799	2	0
647	1	0
129	5	4
312	2	0
954	0	8
1581	104	0
73	2	1
945	1	0
2623	0	1
822	0	11
1287	1	0
1350	4	8073
15	0	2
221	0	19
151	1	0
2356	0	1
754	0	5
708	11	7
1359	0	3
160	0	3
192	0	1
62	0	8
99	2	0
199	2	0
7748	0	1
677	1	0
3210	0	2
1346	0	1
784	2	0
2305	0	26
773	0	1
57	0	1
29	1	0
16	1	0
29	3	0
21	1	0
22	1	0
10	1	0
5	1	0
381	0	495
141	44	0
169	48	0
1456	0	1
1613	1	0
1192	2429	8955
656	30	0
34	42	30
3362	4	0
940	2	0
1097	1	0
346	0	6
4668	5	0
209	2	0
630	1	0
1051	1	0
2020	0	1
731	0	2
42	6	0
103	0	1
876	0	8
156	0	8
1685	0	3
364	1	0
1233	0	1
496	3	0
28	0	10
2743	0	1
1318	2	0
1645	0	1
430	0	1
1592	9	0
450	0	1
1756	1	0
776	1	0
996	40	0
3728	0	1
2326	8168	8749
1150	3	0
898	0	3
311	44	0
1274	1	0
397	0	1
485	0	1
2031	3	2
1015	0	1
1049	0	2
572	1	0
539	5	0
832	1	0
1921	0	1
3880	2	0
538	19	35
105	13	9
498	0	2
53	0	12
821	525	237
398	1725	9362
1769	2	0
244	0	8
20	0	1
513	1	0
1889	8	0
261	67155	402
291	12	0
73	2	0
980	0	1
32	0	7
483	1	0
731	0	1
1878	0	31
1860	0	1
2339	1	0
2195	1	0
178	0	2
591	1	5
14	0	8
7432	10	0
1664	1	0
693	0	1
799	1	0
136	0	1
668	0	4
5743	3	0
672	0	30983
6069	0	2
16	4	0
215	1	3
717	0	6
559	0	4
1226	0	12
106	3	0
508	0	1
827	0	4
255	0	3
5421	1	0
3155	2	0
2705	6	0
42	28	0
288	0	1
5011	6	0
680	0	3
983	6	0
3295	1	0
2277	0	1
2133	1	0
3671	2	0
1341	0	2
1717	6	0
793	0	1
1480	0	1
2819	0	5
1427	0	1
548	0	9
2000	10	0
960	0	8
132	24	0
1712	2	3
2419	0	2
281	2	0
171	4	0
5406	0	3
5848	60	0
3408	1	0
5585	1	0
1631	0	1
1446	0	1
274	10	0
732	0	16
824	4	0
512	1	0
1918	0	10
297	14	0
1665	0	1
2354	0	1
4504	0	1
1213	1	0
3327	6	0
2270	0	314
277	0	1
128	15	0
336	8	0
1320	2	0
3239	1	0
46	1	0
777	5	0
90	2	1
1141	9	0
3191	1	0
1035	0	2
39	12	0
539	0	12
924	3	0
224	3	1
3858	4	0
3834	0	1
2350	0	18
1098	0	1
3442	2	0
2425	0	2
1497	1	0
1448	1	0
129	5	4
312	2	0
954	0	8
426	0	1
1154	104	0
73	2	1
2120	1	0
2271	0	11
1284	4	3
1355	0	1
14	3	0
221	0	19
707	0	13
857	1	0
1697	15	0
555	3	0
145	8	28
1520	0	1
200	1	0
60	0	30
70	0	2
206	0	2
3057	3	0
2311	0	1
1536	0	332
694	0	1
70	0	1
105	1	0
2669	0	1
3231	1	0
91	0	3
2307	16	0
1451	225	0
1563	6452	0
121	0	1
32	0	7
871	1	0
68	2	0
2378	16	0
12	0	8
624	0	1
1928	13	79
1298	1	0
1553	1	0
557	5	0
263	12	0
682	1	0
1128	1	0
328	0	24
2544	1	0
889	0	1
467	0	1
162	0	1
810	0	2
632	0	1
1292	0	3
91	1	0
432	0	5
622	1	0
23	1	0
1159	6	0
174	0	4
83	4	0
507	1	0
457	0	4
164	73226	8782
358	1	0
110	10	0
109	4	2
315	0	6
760	2	0
322	6	12
729	1	0
878	2	0
289	4	0
618	0	2
1655	0	1
117	5	0
311	0	2
1293	0	5
163	0	3
1311	1	0
321	2	1
1496	0	1
987	16	0
2792	1	0
693	0	1
601	0	1
180	0	6
129	27	0
1488	0	1
1423	5	7
2227	0	1
499	0	1
616	0	3
71	0	1
879	0	8
1658	26	80
1691	1	2
2034	0	120
323	0	46
3668	0	2
1156	0	2
403	1	0
386	0	4
483	1	0
173	2	0
1085	0	2
21	0	2
520	1	0
298	0	2
898	1046	50072
1835	0	193345
2555	4	0
144	7	5
515	2	0
74	20	0
1148	0	1
67	0	2
74	21	0
783	1	0
587	0	42
247	0	4
199	1	0
438	6068	6003
2612	16	0
920	0	2
836	4	0
605	92	148902
2776	3	0
1441	0	20
4666	5	0
226	2	0
1492	1	0
188	2	0
185	0	2
35	0	1
1155	1	0
23	1	0
1118	0	6
167	20	0
104	0	4
37	0	14
978	0	9
52	0	1
37	10	0
1496	0	10
387	6	0
2200	0	2
83	0	2
429	0	44
2699	4	0
288	0	1
618	1	0
130	0	1
1641	2	0
453	0	1
1909	1	0
714	0	1
321	1	2
718	1	0
777	0	1
880	0	60
46	14	0
142	1	0
677	0	4
1317	3	0
200	1	0
453	1	0
250	15752	16486
993	3	4
180	0	4
57	3	0
192	119066	7061
1311	1	0
615	64858	248254
33	1	0
221	2	0
1799	0	1
642	0	3
1328	4	0
552	1	3
236	16	0
81	60	0
873	1	0
1503	2	1
313	1	0
715	0	1
2049	0	1
312	1	0
117	0	1
1530	1	0
1041	72238	0
2675	42	0
440	2	0
85	2	0
2213	10	16
127	0	2
241	9	0
1505	0	24
41	1	0
54	9	0
977	2	0
104	0	4
211	6	0
1118	0	1
26	0	1
1147	1	0
38	2	0
177	0	2
195	0	1
1482	0	2
203	0	5
4694	22	0
1441	0	3
2739	8305	8305
2762	3	0
1441	0	22
4666	5	0
226	2	0
1492	1	0
188	2	0
185	0	2
35	0	1
1156	1	0
22	1	0
1120	0	6
218	4	0
104	0	2
972	0	9
54	0	1
41	24	0
1498	0	9
247	2	0
138	6	0
2200	0	2
83	0	2
434	0	42
2694	4	0
288	0	1
618	1	0
130	0	1
1641	2	0
453	0	1
1909	1	0
714	0	1
321	1	2
718	1	0
777	0	1
880	0	60
47	10	0
141	1	0
510	22144	0
677	0	1
5	2	0
13	0	1
130	183968	278475
445	0	1
649	0	3
1322	4	0
551	1	3
238	6	0
83	60	0
873	1	0
1503	2	1
313	72198	0
715	0	1
1913	1	0
449	0	2
1646	1	0
132	0	1
618	1	0
289	0	4
2672	44	0
440	2	0
85	2	0
2198	0	6
395	10	0
1481	0	10
57	1	0
56	11	2
979	2	0
104	0	4
211	6	0
1118	0	1
26	0	1
1147	1	0
38	2	0
177	0	2
195	0	1
1482	0	2
203	0	5
4694	20	0
1441	0	3
3487	0	4
1651	0	1
352	1	0
493	1	0
95	2	0
1118	341701	0
743	0	108
239	2	1
1072	410	0
224	0	4
1793	1	0
117	0	1
1404	2	0
1303	1	0
164	0	1
180	1	0
250	42	0
485	1	0
311	2	0
588	49097	0
1315	0	58
29	0	2
27	1	0
498	30	11
140	4	0
2552	1	0
2837	0	1
39	0	12
896	2	0
291	0	1
518	2	0
20	2	0
1087	0	2
182	0	1
454	4	0
406	0	1
412	2	0
1151	2	0
3673	46	0
258	120	0
2101	1	0
1690	80	26
1627	8	0
907	1	0
66	3	0
624	1	0
498	1	0
2228	7	5
1415	1	0
1496	0	27
124	6	0
181	1	0
605	1	0
698	0	1
2780	0	16
987	1	0
1503	1	2
313	0	1
1313	3	0
159	5	0
1295	2	0
313	0	5
114	1	0
1655	2	0
617	0	4
283	0	2
894	0	1
729	12	6
319	0	2
739	6	0
339	2	4
96	0	10
118	0	1
352	6225	0
202	2296	72977
58	12	0
93	4	0
528	0	1
507	0	4
52	2	0
25	2	0
180	0	8
22	2	0
1131	0	1
26	0	1
609	5	0
443	0	1
86	3	0
1300	1	0
610	2	0
832	1	0
162	1	0
461	1	0
889	0	1
2548	24	0
328	0	1
1121	0	1
680	0	12
260	0	5
563	0	1
1560	0	1
1299	79	13
1920	1	0
640	11	19
2371	0	2
74	0	1
858	7	0
46	1	0
127	1418	8095
1559	0	16
2329	3	0
92	0	1
3236	1	0
2666	0	1
100	1	0
76	1	0
691	332	0
1540	1	0
2312	0	3
3050	2	0
213	2	0
50	30	0
79	0	1
189	1	0
1536	28	8
125	0	3
530	0	15
1739	0	1
849	13	0
716	19	0
209	0	3
29	1	0
1354	3	4
1279	11	0
2276	0	1
2120	1	2
72	0	104
1153	1	0
425	8	0
954	0	2
315	4	5
126	0	1
1442	0	1
1499	2	0
2431	0	2
3443	1	0
1074	18	0
2374	1	0
3788	0	4
3904	1	3
214	0	3
929	12	0
506	0	12
70	2	0
1034	0	1
3195	0	9
1145	1	2
90	0	5
774	0	1
49	0	1
3176	0	2
1327	0	8
328	0	15
182	1	0
278	314	0
2242	0	6
3356	0	1
1221	1	0
4498	1	0
2352	1	0
1631	0	14
306	10	0
1947	0	1
502	0	4
820	16	0
749	0	10
262	1	0
1454	1	0
1634	0	1
5587	0	1
3408	82	142
5763	3	0
5389	0	4
190	0	2
243	2	0
2458	3	2
1684	0	24
128	8	0
948	0	10
2019	9	0
564	1	0
1432	5	0
2823	1	0
1479	1	0
745	0	6
1756	2	0
1344	0	2
3676	0	1
2135	1	0
2270	0	1
3175	0	6
1098	3	0
631	0	6
5066	1	0
279	0	28
46	0	6
2707	0	2
3163	0	1
5411	3	0
265	4	0
819	1	0
435	0	3
141	12	0
1244	4	0
575	6	0
730	3	1
220	0	4
12	2	0
5959	30983	0
768	0	3
5703	4	0
720	1	0
135	0	1
792	1	0
696	0	1
1663	0	10
7431	8	0
22	5	1
591	2	0
172	0	1
2201	0	1
2336	1	0
1856	31	0
1885	1	0
731	0	1
480	7	0
34	1	0
573	1407	68182
1913	0	1
517	1	0
20	8	0
240	0	2
1773	9	0
534	0	1
735	1	0
311	0	2
44	1	0
102	7629	0
394	237	525
821	12	0
47	2	0
504	9	13
105	35	19
534	0	2
3878	1	0
1927	0	1
827	0	5
540	0	1
566	2	0
1052	1	0
1022	2	3
2031	1	0
478	1	0
403	0	1
1252	0	44
334	3	0
890	0	3
1025	7283	6697
570	0	5
3354	1	0
3729	0	40
988	0	1
784	0	1
1749	1	0
452	0	9
1588	1	0
430	1	0
1654	0	2
1310	1	0
2725	10	0
46	0	3
503	1	0
1232	0	1
351	3	0
1696	8	0
97	8	0
932	1	0
47	0	6
105	2	0
727	1	0
2014	0	1
1061	0	1
610	0	2
189	0	5
4698	6	0
348	0	1
1095	0	2
941	0	4
3371	66	108
638	6527	0
2443	1	2
1185	0	1
1604	1	0
1475	235	13
32	180	0
185	2	1
550	0	1
4	0	1
14	0	1
16	0	9
8	7	0
6	2	4
29	0	1
16	0	1
31	1	0
54	1	0
753	26	0
2318	0	2
791	1	0
1303	2	0
3251	0	1
674	1	0
7743	0	2
210	0	2
57	8	0
103	1	0
185	3	0
168	3	0
1359	7	11
658	5	0
808	1	0
2352	0	1
149	19	0
209	2	0
29	1	0
980	8068	0
369	0	1
1287	11	0
821	1	0
2629	0	1
945	1	2
72	0	104
1579	8	0
954	0	2
315	4	5
126	0	1
645	0	2
796	0	1
267	4	0
651	2	1
579	2	0
312	2	0
2328	1	0
2195	1	0
2112	0	6
2360	7	0
3800	0	8
2225	11391	5427
1486	0	22
216	1	0
1098	0	14
412	0	1
111	2	0
437	0	1
223	2	0
1753	4	0
1559	0	19415
4914	0	1
677	1	0
3448	0	6
18	0	1
276	0	13
30	0	1
54	1	0
145	8	0
353	20	0
150	0	1
113	0	1
643	6	0
152	3	0
2185	4	0
625	0	6
120	0	4
2483	0	4
122	1	0
1469	0	22
341	1	0
2241	1	0
186	0	8
693	1	0
4838	4	0
1085	0	1
1722	0	1
675	1	0
39	0	1
760	0	1
1290	2	0
313	0	1
117	1	0
2963	1	0
1123	93	0
919	1	0
144	0	58
449	2	0
54	1	0
1504	1	0
174	2	0
127	1315	165806
912	108	202
944	20	0
51	0	4
228	6	0
378	0	1
1913	0	2
211	0	2
23	1	0
169	1	0
170	0	6
1003	9	0
298	8	0
202	5	0
2461	2	0
2260	10	0
1427	0	1
167	0	1
4126	0	28
1953	1	0
1861	0	1
6451	2	0
872	14	40
570	35	0
200	0	15
1476	0	1
174	12	0
2119	350	0
1443	2	0
1462	0	5
836	7641	9571
90	7927	7816
440	1	0
40	0	8
244	0	13
2283	1	0
118	1	0
730	1	0
1018	0	1
430	0	3
675	0	1
675	5	3
253	1	0
67	2	0
820	2	0
899	1	0
539	1	0
1041	1	0
752	1	0
255	4	0
479	1	0
575	42	22
90	0	2
19	1	0
118	17	11
161	42	31
251	1	0
96	1	0
171	4	0
296	3	0
232	0	11
1084	2	0
812	0	2
483	0	14
166	1	0
181	10	0
56	18	0
424	0	1
1193	0	4
378	10	0
569	0	2
643	0	13
95	1	0
867	1	0
40	1	0
1122	1	0
2439	10194	11675
233	4	0
1505	0	1
283	0	1
636	7750	13749
68	7737	17199
848	8	0
737	4	0
649	52	0
329	4	0
500	0	1
624	0	1
115	0	1
1213	34	0
171	5	0
634	585	1546
195	1	0
849	1	0
572	0	1
3281	1	0
970	52	0
1008	0	1
2526	8	6
2363	1	0
1771	0	2
901	0	4
2689	0	16
522	1	0
40	0	2
2193	6	0
168	0	1
228	0	1
998	9	0
111	1	0
285	2294	1086
97	91170	25890
571	0	4
132	6	0
391	1	19
148	0	4
1167	0	1
23	2	0
30	14	0
532	46	0
101	13	31
26	20	0
306	3	0
539	0	5
940	0	1
511	0	1
185	0	8
263	0	1
226	4	0
3185	2	0
370	1	0
1699	16	12
246	0	36
192	1	0
61	1	0
129	0	1
1947	0	1
54	0	1
283	1	0
279	0	1
185	7	0
369	0	369
225	18	0
48	0	2
48	57	0
5	116	0
89	1	0
710	1	0
103	8	0
737	0	8
270	0	1
370	55	0
329	3	0
499	0	1
125	1	0
613	0	1
1213	34	0
973	1472	2435
537	0	1
27	2	0
1137	0	2
3114	2	7
1035	1	0
715	7	0
1096	0	1
715	0	1
597	3	0
1450	1	0
318	1	0
111	0	3
1654	3	0
66	42	0
509	1	0
283	0	4
406	0	1
979	0	1
1299	0	2
306	4	0
130	2	0
176	27899	41482
84	21	9
784	3	0
729	61	0
167	5	0
341	1	0
331	13	0
1085	1	0
526	34	0
1330	0	2
48	0	2
547	16	0
63	0	2
61	0	12
4219	0	2
45	0	1
985	2	1
1087	0	4
28	0	1
811	0	1
33	1	0
1055	0	1
638	12	0
402	1	0
2719	0	2
147	1	0
251	0	1
427	1	0
1672	14	0
269	25	0
1585	0	1
263	1	0
179	0	3
406	0	1
1342	0	2
55	0	20
1553	19	0
80	8	0
973	5	0
4776	0	2
120	1	0
104	0	1
30	0	1
2158	0	1
2158	0	1
1324	0	6
4312	0	1
382	0	1
2040	0	1
944	0	1
618	0	1
284	2	0
1721	0	203
228	0	2
752	0	58
434	0	4
651	0	1
1067	0	2
158	1	0
541	0	7
158	0	15
543	0	2
1741	0	12
571	0	12
27	0	16
1026	12	0
103	2	0
471	0	1
3247	0	2
43	0	1
204	0	2
211	1	0
98	0	1
60	0	416
1326	6	0
201	3	26
1295	1	0
3226	0	1
1395	0	1
146	1	0
605	1	0
2289	1	0
1370	4	0
959	4	0
1935	69121	0
94	24	0
3294	2	0
252	3	2
910	1	0
878	5	0
1097	2	0
1125	2	0
328	4	3
181	0	108
248	4	0
1254	53	31
533	0	10
59	0	4
56	9	0
157	0	1
678	0	4
62	0	6
1490	73548	2397
379	2	32
860	40	96
62	9	0
954	1	0
605	0	3
366	0	1
262	0	10
664	15	33
1655	0	4
269	1	2
375	3	0
206	0	5
341	0	1
950	0	2
86	0	1
29	1	0
1418	0	5
706	3	0
710	0	1
31	1	2
818	0	1
563	0	1
2134	3	0
530	1	2
1614	50	0
1399	1	0
18	1	0
350	0	3
1433	0	3
318	0	1
2051	0	1
312	1	0
24	0	1
1738	0	1
618	2	0
283	2	0
1625	6	12
1058	10	0
438	0	4
43	0	2
505	1	0
1573	296	0
10	0	1
129	0	4
106	0	1
225	0	5
692	1	0
160	0	3
379	0	82
64	16	0
939	14	0
89	2	0
220	6	0
2274	1	0
1073	1	0
228	0	1
799	0	5
148	1	0
3467	3	2
507	32684	0
562	22	0
320	0	1
546	0	3
572	2	0
941	1	0
433	0	1
125	0	2
1522	1	0
1054	1	0
246	0	16
1963	1	0
723	3	0
294	12	0
2009	0	1
934	1	0
47	0	1
1260	1	0
1121	0	584
1131	0	1
85	0	12
2346	0	2
91	1	0
579	285	0
110	0	3
563	2	0
466	0	2
1347	0	2
74	0	1
727	1	0
1566	0	1
384	0	1
2718	8	0
3913	1	0
298	1	8
630	2	0
214	29	3
66	14	2
272	13	5
1511	7	12
2402	0	1
849	13	0
716	19	0
209	2	0
27	1	0
1349	0	1
2119	1	0
1972	0	1
1602	1	2
72	0	104
376	1	0
1203	8	0
954	0	2
315	4	5
126	0	1
1451	2	3
908	2	1
579	0	2
122	1	0
192	0	1
2118	2	0
2404	1	0
2112	0	6
2372	0	3
1041	0	1
2761	0	12
3240	1	0
873	2	0
1447	12	0
300	13	2
113	4	0
3534	0	1
5598	0	4
454	466	0
43	1	0
6	1	0
603	0	2
222	0	10
225	0	2
171	25	0
2636	8	0
20	10	0
884	0	3
1033	0	2
1428	0	2
296	1	0
19	2	0
506	1	0
1332	0	3
29	2	0
219	23	0
478	93	0
1210	0	2
904	0	4
2685	1	0
1949	19	6
313	4	0
131	1	0
1429	2267	238867
52	4	0
57	2	0
4934	1	0
475	0	1
561	8	2
1571	1	0
533	0	6
854	2	1
3643	0	1
602	0	1
38	50	0
51	60	0
353	0	1
513	0	1
1823	0	1
715	1	0
1108	7	1
932	4	0
342	1	0
1618	1	0
123	0	1
65	0	42
515	0	1
277	2	0
1949	2	0
594	1	0
144	0	8
159	2	0
289	0	10
64	0	2
24	2	0
1263	6	4
380	0	2
697	0	1
240	2	0
123	0	1
391	1	0
400	0	1
201	0	1
338	0	8
146	123	0
924	0	58
329	0	2
2341	12	0
181	0	1
3850	0	1
27	0	5
693	0	4
1980	0	10
485	1	0
146	1	0
824	0	3
948	0	1
1439	1	2
964	0	159384
836	1	0
125	4	0
414	22	0
1332	2	0
1320	1	0
541	0	50
1558	0	8
1484	0	1
312	0	2
417	0	4
198	0	28
878	3	0
1226	0	30
418	0	6
238	42	0
803	1	0
586	12	0
1266	0	38
600	6	0
1553	3561	4924
1526	1	0
910	0	1
543	1	0
58	25	1
248	0	1
775	0	3
633	0	4
405	1	0
411	2	0
1151	2	0
116	0	1
1183	1	0
472	6	13
201	8449	8385
608	1	0
498	1	0
1263	1	0
641	1	0
1743	0	2
52	1	0
889	0	2
4961	16	0
51	60	0
578	0	1
294	1	0
783	0	1
1034	0	1
721	594	123499
158	0	1
1290	0	1
169	1	0
1914	1	0
630	0	1
2980	6	0
491	4	0
50	0	46
1428	1	0
2432	0	2
1454	1	0
120	1	0
500	59	0
676	30	10
1021	12	0
55	0	102
519	1	0
501	0	1
814	0	9
1322	0	2
687	0	1
900	0	1
959	10	0
250	0	10
539	227	0
1457	1	0
2693	22	0
1447	3	1
2158	6538	0
5811	39	87
1435	0	1
110	4	0
1797	1	0
2282	0	1
882	1	0
214	1405	7680
1321	21	3
562	2	0
103	0	2
37	0	24
3261	1	0
1976	1	2
129	0	1
993	1454	1009
1120	1	0
841	0	1
1089	0	1
1060	0	1
4668	0	1
480	0	8
322	25	0
3817	5	3
1633	0	8
4172	2	1
223	8	2
1344	1	0
225	0	1
2735	0	7
4617	5472413	17260
758	5	0
3776	3787540	4555
3287	2505713	102125
5236776	2	0
4086	3	0
365	106	0
1380	1931	1301
1178	50002	1137
3112	102	65
183	1	0
1270145	279268	0
2508	1	0
472917	8000	8802
15129095	0	100000
1087154	0	35500
501925	0	380000
15004893	8	0
11957981	9	0
15837446	0	1
53	1	0
37352	4	0
18926228	1	0
40323	1	0
1580399	2	0
8244886	20	0
9702693

chain 1359572678 chr14 124902244 + 3000000 19419704 chr14 125139656 - 105669884 122089656 23
132201	27934	27934
1015	6344	6344
68	1975	1975
48	1433	1433
6229	6719	6719
87	4232	4232
1573	14250	14250
102	7730	7730
44	11811	11811
122832	27655	27655
2151	4963	4963
38	3321	3321
30	2108	2108
28	3964	3964
50	4369	4369
159384	14438	14438
58	9175	9175
42	7655	7655
32	13173	13173
79086	113	113
110	13480	13480
157418	7533	7533
30	34661	34661
104	13123	13123
71	17270	17270
584	14811	14811
249	9457	9457
82	1705	1705
206	28988	28988
149	860	860
32	7255	7255
108	21500	21500
26	1529	1529
416	11430	11430
58	966	966
203	23611	23611
76	21918	21918
85517	31387	31387
56	16933	16933
16771	907	907
26	278	278
48	2658	2658
13305	360	360
116	1380	1380
13470	2347	2347
238	9	9
32	8735	8735
9283	5106	5106
18729	500	500
408	5	5
173	7700	7700
35	566	566
40	11086	11086
28	16100	16100
202	2529	2529
164487	1976	1976
58	37516	37516
19415	7350	7350
5427	21269	21269
104	30966	30966
44	169	169
48	4262	4262
2429	656	656
30	34	34
42	31782	31782
40	6054	6054
8168	2362	2362
44	16055	16055
525	398	398
1725	4707	4707
67155	51323	51323
28	47456	47456
60	68308	68308
104	30936	30936
225	1563	1563
6452	22419	22419
73226	16592	16592
27	8866	8866
26	13145	13145
1046	8722	8722
6068	4993	4993
92	33589	33589
15752	1428	1428
119066	1927	1927
64858	4916	4916
60	8459	8459
72238	2675	2675
42	19324	19324
8305	31195	31195
22144	827	827
183968	3299	3299
60	2692	2692
72198	8437	8437
44	23784	23784
341701	2056	2056
410	5440	5440
42	1387	1387
49097	1870	1870
30	14677	14677
46	258	258
120	3792	3792
80	25452	25452
6225	202	202
2296	16433	16433
79	6056	6056
1418	10755	10755
332	7170	7170
30	1805	1805
28	47623	47623
314	32000	32000
82	69097	69097
30983	25108	25108
31	3712	3712
1407	6209	6209
7629	394	394
237	1500	1500
35	16770	16770
7283	39441	39441
66	638	638
6527	6709	6709
235	32	32
180	1679	1679
26	23401	23401
8068	27411	27411
11391	43723	43723
93	3378	3378
1315	912	912
108	27817	27817
35	3981	3981
350	3743	3743
7641	90	90
7927	12356	12356
42	406	406
42	11652	11652
10194	2661	2661
7750	68	68
7737	2246	2246
52	2785	2785
34	810	810
585	5870	5870
52	15829	15829
2294	97	97
91170	3017	3017
46	12504	12504
57	5	5
116	2289	2289
55	2783	2783
34	973	973
1472	12592	12592
42	4095	4095
27899	1621	1621
61	2470	2470
34	16885	16885
25	54561	54561
69121	9708	9708
53	3044	3044
73548	1241	1241
40	15386	15386
50	13810	13810
296	11554	11554
32684	18950	18950
285	13025	13025
29	47883	47883
466	1272	1272
25	8927	8927
93	8646	8646
2267	13338	13338
50	51	51
60	15818	15818
123	26476	26476
42	4827	4827
3561	3039	3039
25	5607	5607
8449	10727	10727
60	3411	3411
594	13631	13631
59	676	676
30	7590	7590
227	7781	7781
6538	5811	5811
39	6726	6726
1405	8407	8407
1454	9581	9581
25	18782	18782
4308745	0	10
1163668	4539	4539
3560938	0	67
226602	3287	3287
2077556	5	0
48787	4	0
379361

chain 2392152 chr14 124902244 + 26128695 26153901 chr14 125139656 + 25989500 26014699 6371
2508	1	0
19739	1	0
1087	4	0
565	1	0
1300

chain 2384547 chr14 124902244 + 25989076 26014287 chr14 125139656 + 25989500 26014699 6383
1920	4	0
2089	0	2
340	5	0
67	0	2
117	2	0
373	0	10
661	0	5
3479	9	0
13200	1	0
46	5	0
1023	4	0
565	1	0
1300

chain 1336591 chr14 124902244 + 26155960 26169958 chr14 125139656 + 25877000 25891000 10684
13286	0	2
712

chain 1336591 chr14 124902244 + 26016346 26030344 chr14 125139656 + 25877000 25891000 10685
13286	0	2
712

chain 904581 chr14 124902244 + 26236946 26246445 chr14 125139656 + 25958000 25967500 38346
6934	0	1
2565

chain 904581 chr14 124902244 + 26097333 26106832 chr14 125139656 + 25958000 25967500 38347
6934	0	1
2565

chain 901613 chr14 124902244 + 26214460 26223940 chr14 125139656 + 25935516 25945000 39018
6352	0	4
3128

chain 901247 chr14 124902244 + 26083829 26093329 chr14 125139656 + 25944500 25954000 39108
9500

chain 880210 chr14 124902244 + 26201184 26210446 chr14 125139656 + 25922239 25931500 45269
6157	1	0
3104

chain 880135 chr14 124902244 + 26061568 26070831 chr14 125139656 + 25922239 25931500 45304
6157	2	0
3104

chain 856576 chr14 124902244 + 26246445 26255461 chr14 125139656 + 25967500 25976500 38462
4754	16	0
4246

chain 856576 chr14 124902244 + 26106832 26115848 chr14 125139656 + 25967500 25976500 38463
4754	16	0
4246

chain 853813 chr14 124902244 + 26223940 26232940 chr14 125139656 + 25945000 25954000 39107
9000

chain 853361 chr14 124902244 + 26074845 26083829 chr14 125139656 + 25935516 25944500 39213
8984

chain 476049 chr14 124902244 + 26191946 26196952 chr14 125139656 + 25913000 25918000 2011664
983	6	0
4017

chain 475851 chr14 124902244 + 26047826 26052832 chr14 125139656 + 25908500 25913500 2012683
3754	6	0
1246

chain 475687 chr14 124902244 + 26178460 26183456 chr14 125139656 + 25899500 25904500 2013470
1984	0	4
3012

chain 475687 chr14 124902244 + 26038846 26043842 chr14 125139656 + 25899500 25904500 2013471
1984	0	4
3012

chain 446439 chr14 124902244 + 26056838 26061568 chr14 125139656 + 25917500 25922239 2073335
3566	0	3
219	0	6
77	4	0
749	10	0
71	0	14
34

chain 429428 chr14 124902244 + 26169958 26174459 chr14 125139656 + 25891000 25895500 2006653
1178	1	0
3322

chain 429428 chr14 124902244 + 26030344 26034845 chr14 125139656 + 25891000 25895500 2006654
1178	1	0
3322

chain 428323 chr14 124902244 + 26187440 26191946 chr14 125139656 + 25908500 25913000 2012682
3754	6	0
746

chain 427798 chr14 124902244 + 26255461 26259961 chr14 125139656 + 25976500 25981000 2015179
4500

chain 427798 chr14 124902244 + 26115848 26120348 chr14 125139656 + 25976500 25981000 2015180
4500

chain 423465 chr14 124902244 + 26263819 26268344 chr14 125139656 + 25985000 25989500 2163933
1512	6	0
414	0	20
1422	39	0
1132

chain 423465 chr14 124902244 + 26124170 26128695 chr14 125139656 + 25985000 25989500 2163934
1512	6	0
414	0	20
1422	39	0
1132

chain 399735 chr14 124902244 + 26196952 26201184 chr14 125139656 + 25918000 25922239 2044005
3288	6	9
823	10	0
71	0	14
34

chain 382073 chr14 124902244 + 26210446 26214460 chr14 125139656 + 25931500 25935514 3391001
4014

chain 382073 chr14 124902244 + 26070831 26074845 chr14 125139656 + 25931500 25935514 3391002
4014

chain 380293 chr14 124902244 + 26174459 26178460 chr14 125139656 + 25895500 25899500 2015110
1436	1	0
2564

chain 380293 chr14 124902244 + 26034845 26038846 chr14 125139656 + 25895500 25899500 2015111
1436	1	0
2564

chain 380111 chr14 124902244 + 26232940 26236946 chr14 125139656 + 25954000 25958000 2016713
98	6	0
3902

chain 380103 chr14 124902244 + 26093329 26097333 chr14 125139656 + 25954000 25958000 2016526
98	4	0
3902

chain 378232 chr14 124902244 + 26183456 26187440 chr14 125139656 + 25904500 25908500 2026604
1497	0	16
2487

chain 378232 chr14 124902244 + 26043842 26047826 chr14 125139656 + 25904500 25908500 2026605
1481	0	16
2503

chain 359270 chr14 124902244 + 26259961 26263819 chr14 125139656 + 25981000 25985000 2965377
182	0	51
347	0	1
26	1	0
195	2	0
563	0	8
562	0	75
525	0	10
1455

chain 356637 chr14 124902244 + 26120348 26124170 chr14 125139656 + 25981000 25985000 3016767
182	0	51
347	0	1
26	1	0
195	2	0
563	0	8
544	6	0
16	0	117
485	0	10
1455

chain 135657 chr14 124902244 + 26154537 26155960 chr14 125139656 + 25875579 25877000 7477052
1162	2	0
259

chain 135657 chr14 124902244 + 26014923 26016346 chr14 125139656 + 25875579 25877000 7477053
1162	2	0
259

chain 56409 chr14 124902244 + 26153906 26154517 chr18 90720763 + 68824516 68825127 12252533
611

chain 56409 chr14 124902244 + 26014292 26014903 chr18 90720763 + 68824516 68825127 12252534
611

chain 30174 chr14 124902244 + 26052832 26053149 chr14 125139656 + 25915234 25915551 8261809
317

chain 15820 chr14 124902244 + 26053149 26053315 chr14 125139656 + 25913817 25913983 10082556
166

chain 6790 chr14 124902244 + 26053321 26056838 chr14 125139656 + 25913983 25917500 5817852
3517

chain 3339 chr14 124902244 + 26267173 26267208 chr14 125139656 + 25988407 25988442 21462526
35

chain 9538793454 chr15 104043685 + 3050000 103943685 chr15 104073951 + 3079482 103973951 16
2103802	1	0
2892507	0	2
4572	0	1
946349	3051	2391
1552	1	0
3749	492	1543
4046	1	0
6240	38415	8623
6667	1	0
30491	0	9
8206	1	0
14632	1	0
86852	1	0
18933047	0	60
8409845	1	0
18757	0	99
12050	1	0
102	0	1
2158761	1	0
10	1	0
31	148213	11366
462059	0	1
19004098	0	8452
4480	0	1
17749486	0	6180
1873	0	1543
539	0	3084
315	0	1544
3336640	0	1
9125973	0	1
16967	0	1
3273906	5	0
16949	4	0
30839	0	3912
910	0	4401
654	0	5378
28926	4	0
9580512	0	10554
1463390	3	0
52584	6	0
12172	0	1
618778	50021	171929
3448	1	0
2699	1	0
267	1	0
426	1	0
9124	156	30
4288	1	0
3883	100	163
3059	1	0
201686

chain 8979358789 chr16 98207768 + 3231574 98107768 chr16 98008968 + 3050000 97908968 17
213402	0	1
33	590	27
14919249	2	1
237	0	1
35	0	1
32701	0	885
9070417	0	1
30434	0	1
1780138	35	101
3473353	0	2982
273	372	0
494	137	0
607	173	0
137	372	0
44	372	0
25060	4	0
3475973	4	0
2066	4	0
5346419	0	1
23654877	35000	11523
1485218	0	1
16584	0	1
27197008	0	3971
1688079	0	10
16584	2	0
9480	26	158
7	0	1
13	1	43
6	0	2
16575	8	166
7782	0	1
23	3	0
2375781

chain 15307157 chr16 98207768 + 3000000 3179871 chr16 98008968 - 94729347 94903968 1072
490	1	0
172	1	0
340	140	0
529	2	0
220	3	0
957	1	0
434	0	4
42	0	1
527	1	0
471	4	0
137	0	1
340	1	0
54	0	1
492	0	1
619	2	0
24	2	11
396	0	1
1188	7	0
1043	4	0
603	1	0
953	3	0
1678	7	0
1914	0	1
280	2	0
364	1	0
156	1	0
1007	4	0
707	723	0
28	12	0
27	0	1
107	0	25
120	0	3
224	0	1
300	0	12
799	0	1
713	1	0
61	2	0
1409	2	0
3364	4	0
43	1	0
1062	1	0
103	0	1
2880	5	0
2542	0	1
727	0	5
1350	8	5
634	0	1
419	0	3
1609	0	1
135	1	0
242	0	9
49	0	1
8	9	2
42	33	21
23	0	2
3170	12006	0
206	1	0
689	1	0
872	0	1
718	0	1
1956	0	1
190	0	1
754	0	1
4336	2	0
347	1	2
1428	0	8
3049	1	0
609	0	3
208	28	0
2782	0	2
1441	0	9
769	7	11
677	1	0
3868	1	0
403	0	5
5045	1	0
820	0	4
74	2	0
285	2081	9567
1524	1	0
374	1	0
1148	14	0
829	1	0
3824	1	0
261	1	0
1630	1	0
1277	1	0
317	0	1
127	4	0
55	0	7
269	0	1
200	0	1
325	1	0
122	16	12
173	3	0
7	6	0
2493	5	56
870	1	0
5996	0	5
737	0	4
1741	4	0
881	0	9
3342	1	0
170	0	12
106	4	0
331	2	0
386	26	51
184	5	0
28	5	0
112	0	8
234	4	0
161	62	0
183	0	2
870	0	16
262	8	0
60	2	10
218	0	2
673	0	5
531	0	1
1170	1	0
78	1	0
1972	0	2
1475	0	1
824	0	2
933	0	2
2552	0	33
297	0	48
297	1	0
1825	1	0
2736	1	0
42	0	1
3128	0	4
3184	0	4
1149	0	5
187	2	0
636	1	0
2876	8	0
921	4	0
556	8	0
265	0	24
1240	1	0
2394	0	1
1282	1	0
587	1	0
160	1	0
20	0	42
728	5	0
943	5	0
979	0	1
111	4	0
689	4	0
990	0	6
2924	0	1
710	2	0
1999	0	1
2939	0	1
1061	1	0
1873	28	66
2393	1	0
3035	0	2
381	2	0
3055	0	1
2423	36	0
1080	6	0
144	4	0
311

chain 1139388 chr16 98207768 + 3001004 3066719 chr19 61420004 - 58292372 58356987 2287
140	34947	33847
33	3193	3193
12006	15368	15368
28

chain 5269 chr16 98207768 + 3084874 3084939 chr14 125139656 - 20944601 20944666 21064046
65

chain 8696997634 chr17 94987271 + 3000000 94887271 chr17 95294699 + 3050000 95194699 18
21137	132	0
38	1	0
2610	344	635
10476	0	4
2229	128	31
76	0	1
789	106	213
8	0	105
1367	1	0
463	1	0
47	1	0
3357147	0	217124
1072533	50018	1450
942	0	1
2110020	0	97
965741	42	0
2709556	0	1361
65	0	14
8293819	111	0
7101	0	95
14	2	0
47	1	0
2015	1	0
16	499	133
1733	1	0
2491	1	0
7264	2561	886
30	1	0
18	1	0
840	101	830
1415	1	0
3914	1	0
6195	1	0
5358	1	0
184	1	0
9235	1	0
3131	3	0
1864	1	0
14523	1	0
673	1	0
196	0	1
9129	4	0
92	2	0
4887	1	0
5086	1	0
1772	1	0
181	100	178
222	1	0
12706	1	0
2707	1	0
1020697	0	4
5035	12	0
30667	0	1
12042059	0	3
9103	1	0
646934	0	91921
75277	4	0
9710	0	4
46019	5	0
1519912	5	0
18418	1	0
18639	1	0
70	0	6
6994745	4	0
1060744	11	0
5	0	1
11	7	15
35	2	0
28	6	8
16	0	100
7222	45	0
27213	14	0
2112959	1	0
678802	609	6
33	1	0
2668	276	764
4052	0	176
2545	135	228
23	1	0
3503	0	1
38	100	38
76	2	0
23	1	0
8054	226	598
7598	100	135
13230	2875	1975
3473	1	0
4	0	1
15444	1	0
4	2	0
32	2	0
1035	0	2
1951	100	31
993	273	139
5566	2	0
1922	105	613
3590	1	0
63	1	0
4	1	0
407	1	0
4661	100	8
2206	151	38
913	1	0
9487	2	0
2918	555	295
18	1	0
1577	3248	73
3939	1	0
3010	1	0
3282	1	0
589	1	0
28733	0	1
116	0	12
51	0	1
259	1	0
10521	1	0
92	1	0
958	1	0
8586	150	0
6505272	1618	1396
4535	2	0
19	3	0
13	1	0
4	1	0
298	223	433
54	0	1
6640	1	0
54	1	0
1171	1	0
1137	1	0
20188	1	0
16	1	0
2482	1	0
11427	0	2
30993	0	1
48663	20	0
233	0	15
722788	1	0
2152920	1	0
29	4	0
19271165	1	0
750404	0	105
134	1	0
5702	0	322
518	0	2
18	2	0
242041	0	8
53585	0	1
5997256	1	0
10855628

chain 44472 chr17 94987271 + 48032741 48033225 chr17 95294699 + 48256623 48257108 13396477
317	3	4
164

chain 8283858394 chr18 90702639 + 3000000 90602639 chr18 90720763 + 3000000 90620763 20
8318460	0	133057
14738137	4	0
15386067	0	12
16124	1	0
18474	0	2
13677	1	0
2313394	0	1
19	2	0
796	0	1
11	0	1
43	0	1
22065	0	1
6146	1	0
6722642	0	4
31400	0	1
10657970	1	0
6039534	1	0
520403	0	1
8675007	50029	4653
379350	0	1
798056	0	4
175064	50000	5515
4253100	35000	9910
5093243	1	0
3288416

chain 5520263871 chr19 61431566 + 3000000 61331566 chr19 61420004 + 3050000 61320004 21
1126040	1	0
79213	0	55
32789	0	1
5588	27	0
1745320	0	2
695016	1	0
1877	2	0
68	1	0
1226	0	169
936	125510	52808
16107	125	0
240734	3	0
1017358	1	0
17962055	0	54
13756	18	0
11130295	1	0
163275	0	11033
5006	0	16
1148919	2	0
3344	2	0
2477387	1	0
21404	4	0
17877	1	0
3651	0	1
9061352	1	0
2554490	0	1
23827	8	0
2175504	0	1
3635028	1	0
35093	0	1
1934903	0	6
876418

chain 16117230 chr1_GL456210_random 169725 + 0 169725 chr1_GL456210v1_random 169725 + 0 169725 1008
169725

chain 22953397 chr1_GL456211_random 241735 + 0 241735 chr1_GL456211v1_random 241735 + 0 241735 608
241735

chain 14583849 chr1_GL456212_random 153618 + 0 153618 chr1_GL456212v1_random 153618 + 0 153618 1141
153618

chain 3734920 chr1_GL456213_random 39340 + 0 39340 chr19 61420004 + 56480167 56519505 4401
1168	1	0
33372	1	0
4798

chain 19644765 chr1_GL456221_random 206961 + 0 206961 chr1_GL456221v1_random 206961 + 0 206961 723
206961

chain 16902206064 chr2 182113224 + 3050002 182013224 chr2 181755017 + 3051039 181655017 2
914486	0	3774
18461126	116118	3349
1068	6	2
1960	115	7
56	1	0
841	1	0
3616	1	0
341	1	0
16	1	0
257	1913	0
36496764	1	0
14	100	370
7655	64181	4343
2060	137	40
1400	1	0
16	1	0
7	1	0
2272	0	1
31791173	0	1
22975565	187	35
2149	1675	2166
22	0	1
4198	207	26
722	1	0
1071	6	0
1382	107	489
751	0	1
615	113	184
51	0	1
4238	28	0
16166	133	53
2876	25	34
11367	485	110
15512	0	1
23205	2	0
826	0	4
8651510	35	11472
62	0	2
49989842	0	1
99	0	1
681	2	0
991	0	1
5	0	1
6	0	1
5	0	1
23	1761	1625
59	1	0
15	8	0
2534	0	5
328	1	0
2416	0	1
22	1	0
3329	1	0
490	1	0
13	4	1
9124	0	1
8757	1	0
2042	268	282
153	1	0
3384	107	168
4641	950	889
28	0	1
2775	0	1
2881431	50000	0
444093	50000	0
276542	50000	0
1244151	50000	0
4299137

chain 28219 chr2 182113224 + 22551210 22551520 chr1 195154279 - 34906392 34906702 15553796
310

chain 14336 chr2 182113224 + 22550435 22550655 chr6 149588044 + 7487948 7488169 18500390
156	0	1
64

chain 10677 chr2 182113224 + 22550890 22551103 chr11 121973369 + 55728791 55728967 19579542
47	71	34
95

chain 7383 chr2 182113224 + 22550191 22550274 chrX 169476592 + 130893935 130894018 20535491
83

chain 4082 chr2 182113224 + 22551869 22551916 chr5 151758149 + 39195670 39195717 21409657
47

chain 3396 chr2 182113224 + 22551169 22551209 chr5 151758149 + 83078222 83078262 17744998
40

chain 14800604975 chr3 160039680 + 3000012 159939680 chr3 159745316 + 3064012 159645316 4
1558	0	939
2479	0	1
562	2	3
25	396	51
32	1	0
3758	0	1
15	371	338
65	1	0
2530	0	500
21	1	0
22	1	0
12598838	150000	139104
10180896	15	0
14609016	100000	281
73759	0	1
12831	0	1
49984	0	1
15	0	1
29	0	1
7892604	0	4
22809	0	10
2061045	50032	3004
15993728	88	0
7389264	26	0
20510697	0	1
648	2	0
540	39	64
253	3	27
6138	1	0
653	0	2
540	64	39
253	27	3
21675	0	1
18611	1	0
9357	0	3
17118	0	1
890810	1	0
13194	0	1
31689	0	1
39	0	2
4659	1	0
48	1	0
8	0	1
8118	1	0
2178	0	1
341	1	0
377226	1	0
36642	0	6
17627	1	0
17237190	124500	10833
17842699	3	0
1758	134	54
1197	89955	2150
13892957	6	0
2007003	0	16
11531	116	0
105	41	21
6235	0	1
1852391	0	1
10685100	1	0
20721

chain 8589 chr3 160039680 + 94716345 94716689 chr3 159745316 + 94616024 94616368 1707926
64	253	253
27

chain 6376 chr3 160039680 + 147375061 147375232 chr3 159745316 + 147080816 147080987 15184866
25	105	105
41

chain 3669 chr3 160039680 + 94708718 94708757 chr3 159745316 + 94623701 94623740 1574743
39

chain 14406163024 chr4 156508116 + 3050000 156358116 chr4 156860686 + 3050000 156710686 5
57258513	50000	5999
985663	50000	12238
27922623	30000	0
10495311	34125	2410
875	0	680
7118	1	0
871	1	0
87	1	0
532	1	0
1952	1	0
21886095	0	418
2381	50000	25654
541862	19368	85093
2098	1	0
3448	1	0
4736	5	0
116	1	0
49	8	0
1362	1	0
49	1	0
289	5175	0
380	1	0
12	1	0
1584	6	0
7985243	0	160
1166	1	0
110	236249	69608
11846679	9618	8902
1333	0	1
7	360	334
1038002	8892	0
15746	0	8892
2499864	0	210000
243500	132345	281398
601	1	0
41	1	0
1460	0	1
943	0	2
685	2	0
89	1	0
175	1	0
161	1	0
15	0	1
138	0	183
1187	1	0
37	1	0
916	1338	0
1448	1	0
1187	2	0
1029	1	0
8	1	0
14	1	0
9816170	836	1439
1688	5	267240
96078	131	409
1931	1	0
17	1	0
573	1	0
3377

chain 5932824 chr4 156508116 + 130516335 130578773 chr4 156860686 - 26505788 26568186 2775
11838	12	0
5980	0	1
15126	0	10
1328	0	1
7909	1	0
12171	135	0
6816	101	196
50	0	1
971

chain 842071 chr4 156508116 + 143525473 143534365 chr4 156860686 + 143267789 143276681 4245
8892

chain 35667 chr4 156508116 + 122399760 122404721 chr12 120092757 + 44759430 44764386 114262
546	1	0
133	1	0
761	0	1
1142	1	0
255	2	0
265	0	1
401	1	0
181	1	0
1270

chain 15369 chr4 156508116 + 146425318 146425483 chr16 98008968 + 11416345 11416510 18150010
165

chain 284 chr4 156508116 + 122399546 122399760 chr3 159745316 - 33916084 33916298 1698141
214

chain 5943790 chr4_GL456216_random 66673 + 0 66673 chr4 156860686 + 156374260 156440896 2766
133	1	0
200	2	4
40	0	1
1738	1	0
841	1	0
76	1	0
1408	114	254
7371	100	33
225	74	0
4	38	0
650	1	0
30629	100	56
1520	1	0
26	1	0
334	128	64
1493	266	167
2030	2	0
5641	107	0
2199	1	0
695	0	187
3471	191	327
4819

chain 21660169 chr4_GL456350_random 227966 + 0 227959 chr4 156860686 - 114744770 114972602 637
72	1	0
1385	0	1
2039	4	0
20085	1	0
3130	1	0
137	1	0
36	1	0
17440	1	0
5	1	0
32	1	0
611	1	0
16	1	0
11581	1	0
7416	0	1
7480	1	0
10	2	0
13	1	0
812	1	0
5	1	0
1006	1	0
7970	1	0
3571	1	0
15126	0	10
1418	6	0
53633	1	0
3364	0	1
9409	0	15
7097	0	1
6089	0	2
2824	143	0
8684	1	0
1039	1	0
3	1	0
10331	1	0
67	1	0
2453	1	0
4685	2	0
2307	0	32
6821	1	0
4	1	0
5097	1	0
1016	1	0
29	1	0
563	3	0
858

chain 13227 chr4_GL456350_random 227966 + 183843 183986 chr4 156860686 - 114576382 114576524 651
116	1	0
26

chain 1008124 chr4_JH584292_random 14945 + 0 10708 chr4 156860686 + 156550793 156561500 22619
8212	1	0
2495

chain 196994 chr4_JH584292_random 14945 + 12628 14945 chr4 156860686 - 312718 315090 7203196
29	72	0
46	24	1
141	23	121
25	0	1
42	5	30
63	5	31
1842

chain 19810874 chr4_JH584293_random 207968 + 0 207968 chr4 156860686 - 114685005 114893009 717
56128	4	0
7134	0	4
96383	0	42
1482	6	0
46831

chain 18275371 chr4_JH584294_random 191905 + 0 191905 chr4 156860686 + 42652191 42844102 798
112097	0	14
39728	4	0
1984	0	2
9401	6	0
28685

chain 190814 chr4_JH584295_random 1976 + 0 1976 chr4_JH584295v1_random 1976 + 0 1976 7325909
1976

chain 14025902023 chr5 151834684 + 3000000 151734684 chr5 151758149 + 3050000 151658149 6
7025462	69	34
1325	1	0
8	1	0
77479	0	4
3465706	0	1
74998	0	46
1812617	0	154984
14832005	50000	2346
7960618	1	0
5271055	1	0
14600395	0	1
15808276	717	4035
1464959	2	0
1068	0	1
635091	17000	4214
8074	276	249
7659926	0	1
41550	0	8
40329	0	2
33803	0	1
16617694	0	3
42	0	3
55	0	2
110	1	0
13021260	14002	4198
1167	1	0
1375235	1	0
3444	1	0
2098120	0	6
3833665	1	0
38	1	0
3776684	0	2
6338	3	0
919	147	24
2973	1	0
10359	0	1
29	0	1
2655	62000	1124
5081096	1	0
3849	50021	1799
1029436	3	0
602538	0	1
2718700	0	2
16429	0	1
7329	0	12
2908190	5	0
5705	1	0
19154	0	234
597	4	76
117	13	142
130	0	7656
9307	100	88
2180	4	0
11	1	0
7	2	0
60	0	5
42	0	2
228	190	23
905	1	0
227	100	94
2179	100	91
4299	0	1
4058	100	10
193	0	2
1009	100	1261
642	1	0
1351	1	0
29	4407	259
3360	1	0
833	1	0
1826	1	0
740	1	0
3	1	0
465	2	0
14	1	0
82	3	1
82	148	282
39	0	1
13	0	1
6074	0	5
1016	321	980
1071	1	0
10740	1	0
104	2	9
1202	50003	13802
1396864	23009	10459
2739	0	43
5135888	50010	1073
353984	2	0
4105	4	0
1742	1	0
939	1	0
5066271	14003	706
4644	1	0
1480	134	57
845	0	30
2414957

chain 18560655 chr5_GL456354_random 195993 + 0 195993 chr5_GL456354v1_random 195993 + 0 195993 781
195993

chain 18878031 chr5_JH584296_random 199368 + 0 199368 chr5_JH584296v1_random 199368 + 0 199368 758
199368

chain 19483614 chr5_JH584297_random 205776 + 0 205776 chr5_JH584297v1_random 205776 + 0 205776 730
205776

chain 17441671 chr5_JH584298_random 184189 + 0 184189 chr5_JH584298v1_random 184189 + 0 184189 850
184189

chain 90244478 chr5_JH584299_random 953012 + 0 953012 chr5_JH584299v1_random 953012 + 0 953012 150
953012

chain 13861683499 chr6 149736546 + 3050000 149586546 chr6 149588044 + 3050000 149488044 7
7810205	1	0
19892565	3	2
26	50011	26948
8060790	1	0
10726388	0	1
118	0	30
6498	0	15
2663935	8	11
88	0	2
8202080	1	0
11847084	1	0
8371118	2	0
2472915	0	1
8527076	1	0
4582293	0	4
124191	24	0
24709276	1	0
53466	1	0
3508059	0	4
10389450	105	0
12839	0	5
1558	38	173
4600695	50000	18728
6284895	2	0
24	1	0
457	0	2
18367	1	0
3349	50000	5774
2288135	81	82
38	1	0
1228284

chain 13436734948 chr7 145441459 + 3000000 145341459 chr7 144995196 + 3050000 144895196 8
136501	1	0
760	1	0
25	1	0
242	1	0
38	1	0
1326	1	0
364	158	4
24110	10	0
2331	10	6
3429	1	0
41	8	0
23	104	37
3961	1	0
7905	1	0
1737	114	0
10	7	0
17	0	1
102	1	0
3095	120	0
4112	808	579
25	1	0
12	1	0
40	24	24
124	1	0
813	101	326
90	1	0
13	1	0
10	2	0
173	2	0
887	1	0
27	1	0
32	2	0
353	2	0
153	1	0
716	152	14
5	1	0
4	0	1
5	0	1
12	1	0
7	1	0
1666	103	13
562	787	207
7554	1	0
6831	1	0
13	1	0
7	2	0
7	1	0
4	1	0
4	1	0
3247	0	4
7973	1	0
14	1	0
170	1	0
752	100	61
5570	0	1
16	1	0
1329	1	0
699	1	0
2205	1	0
79	0	1
17269	2857	3216
679	0	1
4709	0	437
647	0	1
9274	1098	0
1916	1	0
3178	101	337
2277	1	0
9622	148	101
10	0	1
11	2	4
7	0	1
6	1	3
12	2	4
4459	1	0
105	1	0
24	0	1
7	4	0
16	0	1
37	5	0
222516	50162	4645
5974844	269072	0
3450835	1	0
45025	1	0
8329575	34500	0
16524783	1	0
855987	50000	0
7780300	20	344
35368852	1380	840
10829658	1	0
12897892	50000	0
7669610	0	30
114807	4	0
204427	0	2
3537606	8	0
99477	4	0
7335629	8	0
61782	43	0
3249313	0	2552
1770397	4	0
23622	1	0
24887	0	42
14979	68	36
1202	0	1
970467	1	0
7926039	29002	7189
861515	1	0
1224	2	0
1713769	0	4509
1058	0	1845
8327	1	0
338	1	0
4341	2	0
109	1	0
94	0	72
22	86	0
6070	1	0
6782	1	0
1098	1	0
17338	1	0
407	1	0
14231	102	428
2317	100	80
3009	40000	7188
3596848

chain 12282501 chr7 145441459 + 9680072 9810062 chr7 144995196 + 9414000 9543990 1424
129990

chain 4346225 chr7 145441459 + 9540992 9650589 chr7 144995196 + 9543990 9626000 3792
36544	0	1
9018	61864	34278
27	1	0
544	1	0
41	0	1
386	1	0
426	1	0
656	0	1
87

chain 3617561 chr7 145441459 + 9639574 9680072 chr7 144995196 + 9373500 9414000 4227
8844	2171	2171
27792	0	2
1691

chain 235173 chr7 145441459 + 9637079 9639574 chr7 144995196 + 8631000 8633499 2107065
2145	0	4
350

chain 90708 chr7 145441459 + 3270425 3271399 chr14 125139656 + 97984329 97985303 10234303
974

chain 49447 chr7 145441459 + 9636555 9637079 chr7 144995196 + 7839825 7840349 3997970
524

chain 4931 chr7 145441459 + 141653066 141653118 chr7 144995196 + 141239490 141239542 18344002
52

chain 16648578 chr7_GL456219_random 175968 + 0 175968 chr7_GL456219v1_random 175968 + 0 175968 927
175968

chain 11890045703 chr8 129401213 + 3000000 129301213 chr8 130127694 + 3050000 130027694 10
13017980	0	14
583118	0	2
3302030	0	525585
354422	185585	150000
319043	50000	0
4878074	0	11
6643	0	1
9834	1	0
47546	0	1
8243042	1	0
1019	0	2
1125	43981	21106
5089450	0	7454
30	19900	0
477	0	24
36	24	0
60	0	29
33	0	43
40	1770	31
1422353	0	1
8822	0	1
64779	1	0
23242	1	0
706	1	0
1450	1	0
7453	0	4
3422	1	0
512	1	0
9	1	0
1764	1	0
270	1	0
7347	1	0
5846738	0	1
305	1	0
890	1	0
9	1	0
10902202	1	0
7352170	4000	3618
4806154	1	0
27850	1	0
1061321	1	0
55818	1	0
863	1	0
1242	1	0
4108	1	0
3679	1	0
1063399	0	301200
764584	50004	22788
4263549	0	1
9717876	1	0
10153023	1	0
13112	0	5
17229750	0	108
1060418	1	0
11523802	0	11
618564	0	1
11691	154	0
11668	116	0
2054736

chain 17581721 chr8 129401213 + 20257550 20443135 chr8 130127694 - 109943965 110129550 839
185585

chain 190598 chr8 129401213 + 39132924 39155164 chr8 130127694 + 39607585 39610776 7198661
73	0	24
93	19722	197
12	670	1122
1670

chain 11477535141 chr9 124595110 + 3000000 124495110 chr9 124359700 + 3000000 124254093 11
4465083	0	1
1739176	0	4
4041606	949	599
1210	119	89
16943	11	11
98	1	0
14	1	0
12	1	0
15	100	946
72	0	1
103	1	0
2254	1	0
73	1	0
24	1	0
4	1	0
1134	2	0
64	1	0
598	1	0
18	1	0
2345	140	0
3676	168	295
2267	1	0
856	1	0
5	1	0
33	1	0
5	1	0
30	6	4
57	100	152
176	1	0
7719	141	5
2520	1	0
465	1	0
547	1	0
6	1	0
5952	1	0
15629	119	0
11593	0	1
18	0	1
25	90002	1009
22	3	56
1891	0	1
168	0	7
1334	1	0
841	1	0
984	1	0
21	1	0
29672077	2	0
4159	0	1
48286	0	2
1708537	0	1
3334260	0	2
5534395	11880	7583
845	1	0
301	288	570
3480251	1	0
3543123	1	0
19650384	26200	971
20650106	3	0
881	6504	1653
7770086	50001	1870
10258080	2	0
3141601	1	0
1557921	787	673
2573	50001	21087
288319	37407	0
89376	138819	135172
18079

chain 4363814 chr9 124595110 + 124370968 124417274 chr9 124359700 - 184156 230572 3778
6185	0	1
1237	1	0
2927	1	0
3587	2	0
2901	1	0
1206	2	0
3979	1	0
10181	0	133
4265	1	0
9421	43	28
365

chain 3204534 chr9 124595110 + 124443019 124476929 chr9 124359700 - 123631 157529 4992
916	1	0
1586	1	0
7	1	0
122	1	0
11	1	0
9	1	0
54	1	0
236	1	0
3	1	0
11216	1	0
2791	1	0
1891	1	0
250	1	0
2144	0	1
12661

chain 1613370 chr9 124595110 + 124347636 124364694 chr9 124359700 - 232376 249434 9163
17058

chain 1534109 chr9 124595110 + 124422465 124438651 chr9 124359700 - 162185 178367 9467
3863	1	0
9170	3	0
3149

chain 770224 chr9 124595110 + 124339378 124347536 chr9 124359700 - 250700 258858 88670
8158

chain 337171 chr9 124595110 + 124366991 124370781 chr9 124359700 - 229245 233065 4860115
793	1	0
141	4	133
32	2	0
143	0	2
10	5	1
19	2	0
10	2	0
10	14	0
8	4	0
9	0	2
6	110	36
2465

chain 218781 chr9 124595110 + 124438751 124441019 chr9 124359700 - 159626 161894 6806754
2268

chain 140570 chr9 124595110 + 53731616 53733167 chrX 169476592 + 57261521 57263065 7545295
617	4	3
441	1	0
193	2	0
16	1	0
78	1	0
187	1	0
9

chain 131613 chr9 124595110 + 124441547 124442911 chr9 124359700 - 158082 159447 8727832
62	0	1
1302

chain 8729 chr9 124595110 + 13279286 13279386 chr12 120092757 + 10975892 10975992 6584606
100

chain 1537110 chrM 16299 + 0 16299 chrM 16299 + 0 16299 9449
16299

chain 3798357 chrUn_GL456239 40056 + 0 40056 chr1_GL456239v1_random 40056 + 0 40056 4304
40056

chain 2161229 chrUn_GL456359 22974 + 0 22974 chrUn_GL456359v1 22974 + 0 22974 6896
22974

chain 2965846 chrUn_GL456360 31704 + 0 31704 chrUn_GL456360v1 31704 + 0 31704 5324
31704

chain 3947519 chrUn_GL456366 47073 + 0 47073 chrUn_GL456366v1 47073 + 0 47073 4163
47073

chain 3833693 chrUn_GL456367 42057 + 0 42057 chrUn_GL456367v1 42057 + 0 42057 4267
42057

chain 1877201 chrUn_GL456368 20208 + 0 20208 chrUn_GL456368v1 20208 + 0 20208 7837
20208

chain 1940634 chrUn_GL456370 26764 + 0 26764 chrUn_GL456370v1 26764 + 0 26764 7675
26764

chain 2225852 chrUn_GL456372 28664 + 0 28664 chrUn_GL456372v1 28664 + 0 28664 6691
28664

chain 2879607 chrUn_GL456378 31602 + 0 31602 chrUn_GL456378v1 31602 + 0 31602 5504
31602

chain 6618075 chrUn_GL456379 72385 + 0 72385 chrUn_GL456379v1 72385 + 0 72385 2495
72385

chain 1977517 chrUn_GL456381 25871 + 0 25871 chrUn_GL456381v1 25871 + 0 25871 7572
25871

chain 2113026 chrUn_GL456382 23158 + 0 23158 chrUn_GL456382v1 23158 + 0 23158 7151
23158

chain 2942152 chrUn_GL456383 38659 + 0 38659 chrUn_GL456383v1 38659 + 0 38659 5397
38659

chain 3321526 chrUn_GL456385 35240 + 0 35240 chrUn_GL456385v1 35240 + 0 35240 4852
35240

chain 2064398 chrUn_GL456387 24685 + 0 24685 chrUn_GL456387v1 24685 + 0 24685 7341
24685

chain 2403744 chrUn_GL456389 28772 + 0 28772 chrUn_GL456389v1 28772 + 0 28772 6356
28772

chain 1240568 chrUn_GL456390 24668 + 0 24668 chrUn_GL456390v1 24668 + 0 24668 12702
24668

chain 2185723 chrUn_GL456392 23629 + 0 23629 chrUn_GL456392v1 23629 + 0 23629 6774
23629

chain 4763382 chrUn_GL456393 55711 + 0 55711 chr3 159745316 + 3000000 3054783 3504
9324	102	326
2029	465	197
19	0	1
4262	1	0
5432	1	0
270	1	0
392	1	0
11200	2	42
987	107	181
3584	339	2
3411	4	129
14	106	59
5081	4	0
920	1	0
12	1	0
23	1	0
637	1	0
893	0	3
3542	731	0
1811

chain 2050687 chrUn_GL456394 24323 + 0 24323 chrUn_GL456394v1 24323 + 0 24323 7380
24323

chain 1942617 chrUn_GL456396 21240 + 0 21240 chrUn_GL456396v1 21240 + 0 21240 7667
21240

chain 10849490 chrUn_JH584304 114452 + 0 114452 chrUn_JH584304v1 114452 + 0 114452 1598
114452

chain 15436384796 chrX 171031299 + 3050000 170881299 chrX 169476592 + 3050000 169326592 3
37419	44975	0
473961	50000	0
550619	1683	0
801524	68895	15024
458	1	0
33	1	0
3615	1	0
22	2	0
1644	1	0
4	1	0
641	1	0
117	1	0
1646	0	62592
1688435	123	8
1635	2	0
1185	1	0
22	311	172
2922	50067	6370
1599	0	1
38	102	373
1629	157	212
10698	2	0
412	0	4
226	2089	0
2150	236	137
12	1	0
165	1	0
17971465	50000	38623
293559	50000	150438
1839246	100000	30184
343261	105068	0
1608860	150000	118703
1131625	50000	0
462013	48183	0
412306	100000	107229
205487	97398	0
507587	50000	0
342081	138627	65323
1121110	100000	81861
204487	55671	0
274967	100000	0
2530545	82000	0
326303	50000	5400
535	1	0
96	1	0
12	1	0
6	1	0
753	50001	1379
4812	1	0
320	0	4
1322	2	0
676	0	1
50	669	22
1008	100	1195
15661966	100004	13094
1302383	0	43393
5490933	112	0
113	1	0
25116	1	0
3917	100	45
29132	1	0
27	1	0
13350	7058	8111
8409	1	0
16607	1	0
9	1	0
1666	1	0
17963	100	6
6428	156	21
2998	100	137
41	0	1
18	0	1
254	2	1
27	1	0
1912	535	362
3858	156	264
1101	2	3
50	6354	3979
9633	0	1
7	0	1
279	3	2
2308	1	0
5395	1	0
50580916	1	0
5	1188	1353
318	1	0
7994	0	1
4891	0	1
52	0	19
1187	1	0
2593	1	0
371	711	1500
2499	826	586
75	6	4
2028	1	0
564	1	0
48	1	0
5432	120	0
13	0	1
7	0	1
9442	1	0
300	1	0
3400	1	0
47	1	0
45	7	4
43	1	0
1412	1	0
109	2879	0
1268	1	0
952	1	0
53	1	0
4936	1	0
262	100	465
49	1	0
3	1	0
3005	1	0
6573	1	0
402	1	0
239	1	0
719	1	0
2865	4	0
180	2	0
11560	8	8
635	1320	2190
2293	324	344
4539	1	0
11	1	0
162	1	0
18230	133968	15
15	0	1089
13364218	50000	197441
418394	100000	485
204914	50000	0
2225370	142	0
4360	2	0
3516	1	0
6773	0	2
3328	141	242
4177	1	0
116	1	0
49	127	131
781	1	0
832	1	0
11	2	0
217	3944	0
8551	102	0
2382	1	0
568	1	0
14	1	0
57	1	0
5	1	0
21297	1	0
998	1	0
541	392	0
6530	100	6
5665	100	46
2097	1	0
1372	105	61
5760	0	2
7389	1	0
157	0	7
498	1	0
477	1	0
39	1	0
637	1	0
171	5	1
642	1	0
10	1	0
144	1	0
734	1	0
7875	138	0
9018	1	0
3	1	0
5793	0	5
26187	0	8
6991	1	0
605	1	0
3176	0	1
7912	285	317
3313	1	0
26	1	0
6096	302	114
7762	1	0
26	1	0
637	1	0
21	0	1
72	4	6
592	1106	0
1005	1048	0
728	1	0
3237	1	0
15	1	0
548	1	0
164	395	638
2553	1	0
14	1	0
5335	2	0
8202	0	1
111	0	15
6974	0	1
13013741	150000	32247
28923115	600000	250739
5072	1	0
20	1	0
317	0	11560
203245

chain 1044504 chrX 171031299 + 27558232 27604084 chrX 169476592 - 135103779 135149594 49
4065	0	1
5590	0	1
2831	3	0
3083	0	1
1035	0	1
3113	0	2
2885	0	1
1555	8	0
3235	1	0
3675	11	21
585	0	2
1660	2	0
7072	2	0
55	6	0
2026	20	0
773	14	0
900	0	1
318	1	0
1328

chain 570075 chrX 171031299 + 32870093 32898503 chrX 169476592 - 165794178 165822646 534
2085	2	0
722	1	0
2245	0	34
1902	2	3
1408	1	0
1432	1	0
3150	6	8
722	3	0
624	0	17
383	0	1
962	1	0
460	1	0
1402	0	2
14	1	0
1753	4345	4347
156	0	10
4626

chain 515294 chrX 171031299 + 34333848 34339505 chrX 169476592 - 138650117 138655761 9526
543	0	2
944	0	1
268	0	1
3061	1	0
158	16	0
666

chain 465923 chrX 171031299 + 27550185 27555592 chrX 169476592 + 28338500 28343905 178
2884	2	0
2521

chain 242619 chrX 171031299 + 31006582 31013291 chrX 169476592 - 139906716 139914030 149
288	991	1641
1829	1	0
100	1	0
626	0	1
18	0	24
90	62	0
413	4	2
560	1	0
656	0	2
454	1	0
185	1	0
119	2	0
255	1	0
51

chain 172266 chrX 171031299 + 32900633 32906447 chrX 169476592 - 138107283 138113092 506
747	1	0
48	1	0
28	1	0
426	0	7
1234	0	1
254	2	0
1147	3	7
35	16	0
624	0	8
106	0	1
9	1	0
688	4	0
439

chain 152657 chrX 171031299 + 6847199 6848814 chr17 95294699 + 70943005 70944620 8179671
1615

chain 100513 chrX 171031299 + 3087664 3090121 chrX 169476592 - 136098070 136100524 376
664	1	0
572	1	0
316	1	0
902

chain 98829 chrX 171031299 + 32889376 32893721 chrX 169476592 - 138436572 138440918 227
2753	0	1
1592

chain 97615 chrX 171031299 + 111356756 111357826 chr2 181755017 + 134992164 134993233 9913940
277	1	0
792

chain 88797 chrX 171031299 + 111162881 111163820 chrX 169476592 + 110174203 110175142 10327885
939

chain 78588 chrX 171031299 + 4206974 4208649 chrX 169476592 + 30778995 30780666 2372
192	8	0
104	1	0
7	0	1
690	0	4
673

chain 55324 chrX 171031299 + 127798569 127799202 chr10 130530862 + 81809000 81809633 12342252
633

chain 47135 chrX 171031299 + 32898503 32906965 chrX 169476592 - 166329704 166338179 646
1371	0	1
43	0	2
134	1	2
509	4	0
68	5814	5826
450	0	1
68

chain 45302 chrX 171031299 + 27549670 27550185 chrX 169476592 + 27677006 27677521 234
515

chain 43356 chrX 171031299 + 27499166 27499624 chrX 169476592 + 28392542 28393000 2025663
458

chain 41569 chrX 171031299 + 32869624 32870075 chrX 169476592 + 32725901 32726352 5818
451

chain 36069 chrX 171031299 + 127796549 127796980 chr10 130530862 - 95913221 95913639 14468805
221	13	0
197

chain 34660 chrX 171031299 + 127962199 127962593 chr3 159745316 - 98128321 98128958 1586935
15	0	243
379

chain 34023 chrX 171031299 + 127796001 127796384 chr1 195154279 - 77085159 77085543 9538702
193	0	1
190

chain 31721 chrX 171031299 + 111356345 111356690 chrX 169476592 - 78630900 78631245 15057697
345

chain 27377 chrX 171031299 + 60442037 60442376 chr1 195154279 + 6069713 6070051 15666407
168	1	0
170

chain 27288 chrX 171031299 + 31781415 31781744 chr1 195154279 - 422785 423115 15678458
187	1	2
141

chain 20978 chrX 171031299 + 111161571 111161815 chr3 159745316 + 25350465 25350709 16601295
244

chain 20748 chrX 171031299 + 31775444 31775902 chr17 95294699 - 36437706 36438609 16640787
41	0	1
177	129	573
111

chain 20709 chrX 171031299 + 31776853 31777117 chrY 91455967 + 14081500 14081764 16647307
73	1	0
23	0	1
167

chain 20124 chrX 171031299 + 31772558 31772781 chr5 151758149 - 25314225 25314448 14670121
223

chain 20054 chrX 171031299 + 111160956 111162090 chr19 61420004 + 9769625 9770000 16337427
46	997	238
91

chain 19285 chrX 171031299 + 127799464 127799684 chr5 151758149 + 77921812 77922032 16906778
220

chain 18050 chrX 171031299 + 60446006 60446312 chrX 169476592 - 103981488 103982004 17192166
123	16	0
102	0	8
22	2	220
41

chain 17012 chrX 171031299 + 127956563 127956897 chr4 156860686 - 60815491 60815825 4253201
334

chain 15202 chrX 171031299 + 111161067 111161238 chr14 125139656 - 42488929 42489100 18209333
171

chain 13902 chrX 171031299 + 60441789 60442018 chr1 195154279 + 150157530 150157771 16484602
128	0	1
56	0	2
4	0	9
41

chain 12823 chrX 171031299 + 27555592 27558225 chrX 169476592 - 139358623 139361236 106
1881	4	0
355	16	0
377

chain 12569 chrX 171031299 + 32906987 32908251 chrX 169476592 - 136017828 136019096 713
917	0	4
347

chain 12306 chrX 171031299 + 60442590 60442793 chr1 195154279 - 93917010 93917214 19054718
24	2	3
177

chain 11193 chrX 171031299 + 111134395 111134524 chr7 144995196 + 12119245 12119374 14279638
129

chain 10018 chrX 171031299 + 3087419 3087664 chrX 169476592 + 30779070 30779323 379
115	0	8
130

chain 8858 chrX 171031299 + 60441641 60441758 chr12 120092757 - 109115798 109115915 20224641
117

chain 8479 chrX 171031299 + 111161481 111161571 chr12 120092757 - 112595257 112595347 17846236
90

chain 7270 chrX 171031299 + 27499016 27499166 chrX 169476592 + 25260850 25261000 1527
150

chain 6669 chrX 171031299 + 127956932 127957005 chr11 121973369 + 43550911 43550984 13906281
73

chain 5829 chrX 171031299 + 31776025 31776099 chrX 169476592 - 24756123 24756197 20911684
74

chain 4974 chrX 171031299 + 31781744 31781806 chr2 181755017 + 97713658 97713720 15734495
62

chain 4619 chrX 171031299 + 127955317 127955370 chr7 144995196 + 52168275 52168328 21249204
53

chain 3857 chrX 171031299 + 111358042 111358083 chr16 98008968 - 10146901 10146942 21479751
41

chain 3598 chrX 171031299 + 31006870 31007861 chrX 169476592 + 25086303 25087294 681
991

chain 3473 chrX 171031299 + 127834467 127834505 chr4 156860686 + 4729277 4729315 10771369
38

chain 3116 chrX 171031299 + 31774419 31774453 chr9 124359700 - 19140255 19140289 21735735
34

chain 3033 chrX 171031299 + 111357826 111357859 chr4 156860686 + 38308521 38308554 11797276
33

chain 2934 chrX 171031299 + 31777325 31777362 chr8 130127694 + 59789263 59789300 21800370
37

chain 2731 chrX 171031299 + 60442376 60442410 chr12 120092757 - 21203354 21203388 18512629
34

chain 2377 chrX 171031299 + 127956897 127956932 chr5 151758149 - 130310878 130310913 5849737
35

chain 2131 chrX 171031299 + 127834837 127834859 chr3 159745316 - 96000950 96000972 20995094
22

chain 2089 chrX 171031299 + 127798547 127798569 chrX 169476592 + 126862848 126862870 12471427
22

chain 2058 chrX 171031299 + 127957398 127957503 chr1 195154279 - 125145432 125145537 15593731
105

chain 28761838 chrX_GL456233_random 336933 + 0 336933 chrX_GL456233v2_random 559103 + 94969 471677 466
2290	1	0
761	1	0
40	1	0
2610	1	0
21503	1	0
370	1	0
4	1	0
21	1	0
22	1	0
12066	0	175
2036	1	0
32	1	0
1770	0	1
54	1	0
24	1	0
22	1	0
17	1	0
11	2	0
1039	4	2
1156	1	0
21	100	292
5165	1	0
30	102	1
6881	1	0
193	5	2
2940	0	1
96	1	0
6640	1	0
28	1	0
13	2	0
4405	1	0
342	4	0
1528	67	45
37	255	69
4758	1	0
4359	1	0
26672	371	728
19685	696	541
2340	3543	0
20354	0	28
12555	100	54
1065	905	0
22617	109	4
36	1	0
3220	2	0
16	1	0
550	0	1
42	100	80
1329	10	7
879	2	0
1377	0	28
4687	0	47247
23632	1	0
2977	0	1
16	2	0
35	1	0
9	0	1
1521	100	32
1570	253	88
1817	1	0
67	1	0
238	1	0
693	2236	0
512	7673	8893
5294	1	0
32	0	1
6654	7	8
259	6	0
14601	1	0
4979	1	0
5416	100	142
1727	0	1
2728	1986	0
34	1915	0
1614	1	0
408	1	0
629	1	0
1422	1	0
30	32	24
2141	1	0
881	100	1097
1155	1	0
6	1	0
557	1159	2243
4307	100	74
20266	100	53
5809

chain 197289 chrX_GL456233_random 336933 + 133918 136024 chrX_GL456233v2_random 559103 + 225447 227553 7197586
2106

chain 152828 chrX_GL456233_random 336933 + 292378 294027 chrX_GL456233v2_random 559103 + 417816 419462 7502281
1218	1	0
7	1	0
4	1	0
417

chain 135842 chrX_GL456233_random 336933 + 294619 296055 chrX_GL456233v2_random 559103 + 429284 430720 8611418
1436

chain 9945 chrX_GL456233_random 336933 + 242175 242284 chr2 181755017 + 36238745 36238854 18618239
109

chain 8049 chrX_GL456233_random 336933 + 294121 294261 chr3 159745316 - 94080352 94080492 5108853
140

chain 5168 chrX_GL456233_random 336933 + 294027 294121 chrX 169476592 + 71980255 71980349 5518667
94

chain 4730 chrX_GL456233_random 336933 + 294295 294375 chr3 159745316 - 136974091 136974171 4705041
80

chain 2947 chrX_GL456233_random 336933 + 137067 137098 chrX_GL456233v2_random 559103 + 228719 228750 21796165
31

chain 8310410175 chrY 91744698 + 110000 90844698 chrY 91455967 + 110000 90855967 19
21596913	50000	45480
1653030	50000	9845
20985	0	20
22582418	100000	149264
3187668	50000	41962
48024	0	8
7442255	50000	61966
16791	14	0
29062	3	0
9032545	218833	221582
448533	4	0
17038	4	0
24140578

chain 3142817 chrY 91744698 + 66025300 66184458 chrY 91455967 - 35236296 36963941 24
405	30	6
59	36	0
373	9	0
26	26	0
229	0	3
1445	1	0
1047	0	3
348	1	0
1400	0	2
1363	1	0
173	92	0
70	1	0
151	0	3
319	1	0
854	1	0
29	0	10
3444	1	0
722	0	1
890	0	1
801	1658	1016422
707	0	6
491	30	0
786	1	0
1041	1	0
531	1	0
1308	1	2
346	0	4
61	1	0
654	1	0
425	0	21
141	0	2
308	4	0
6654	1	0
1656	0	1
770	0	5
4703	0	547310
6688	0	10
1959	0	2
268	4	6
3076	119	0
1009	1	0
264	0	1
2045	5	0
609	14	0
471	8	0
3188	0	1
292	0	1
675	4	0
672	0	4
189	10	62
172	3	23
482	0	1
334	0	1
1024	0	42
98	0	1
1516	2	0
823	0	7
1035	1	0
2616	3226	9824
3684	2	0
97	0	8
3456	0	8
726	1	0
34	0	4
64	1	0
69	2	0
257	3	0
8	1	0
366	1	0
2072	1	0
509	1	0
20	2	0
210	10	0
29	0	1
114	1	0
33	0	6
1628	0	7
650	0	1
2055	1	0
633	0	1
571	0	1
1496	1	0
1106	1	0
1351	1	2
921	1	0
463	1	0
625	0	5
404	2	0
752	0	11
814	1	0
652	3	0
1639	2	0
407	0	3
1144	1	0
386	1	0
1000	0	6
602	4	0
2346	0	1
142	0	1
2821	0	5
2258	0	2
3887	1	0
902	0	8
616	0	1
373	1	0
906	4	0
156	4	0
2075	0	6
454	2	0
1131	0	1
88	0	1
1554	0	1
565	0	2
23	0	1
3066	52	0
315	0	1
255	18	0
1839	0	1
2049	1	0
336	0	1
1348	2	3
1400	6	0
748	11	0
140	0	6
923	0	1
963	0	5
248	1	0
26	7	0
2304	0	1
1811	0	8
500	2	0
637	0	2
3454	1	0
1928	1	0
158	2	0
28	0	1
850	3	12
835	5	0
112	0	4
148	1	0
1066	0	4
635	4	0
84	34	0
402	0	21
326	0	1
31	6	0
1174	1	0
529	0	1
988	24	0
577	0	4
955	0	1
575	0	72
46	4	0
738	0	5
183	5	0
2310	0	1
68	2	1
486	4	0
116	1	0
44	0	1
201	1	0
71

chain 122197 chrY 91744698 + 66019708 66195541 chrY 91455967 - 25258904 25434737 35
1097	5433	5433
26	6051	6051
49	7284	7284
1658	1198	1198
30	106765	106765
52	35107	35107
11083

chain 42568 chrY 91744698 + 66020805 66025830 chrY 91455967 - 8206319 8211314 33
1977	0	1
41	0	1
44	1	0
690	0	1
75	0	5
233	7	0
314	6	0
51	0	1
9	2	0
142	4	1
899	500	480
30

chain 41262 chrY 91744698 + 66032272 66094831 chrY 91455967 - 13244392 13306507 30
43	41609	41119
119	17562	17606
920	0	2
2306

chain 388 chrY 91744698 + 66174556 66174580 chrY 91455967 - 19389505 19389529 26
24

chain 17239732 chrY_JH584300_random 182347 + 0 182347 chrY_JH584300v1_random 182347 + 0 182347 862
182347

chain 24565275 chrY_JH584301_random 259875 + 0 259875 chrY_JH584301v1_random 259875 + 0 259875 560
259875

chain 14728215 chrY_JH584302_random 155838 + 0 155838 chrY_JH584302v1_random 155838 + 0 155838 1122
155838

chain 14953658 chrY_JH584303_random 158099 + 0 158099 chrY_JH584303v1_random 158099 + 0 158099 1098
158099

